[Header]
Application Name	LabSolutions
Version	5.54 SP5
Data File Name	C:\LabSolutions\Data\Project1\Miles\Nikolai Click + TCEP neu7 0 min.lcd
Output Date	16.09.2020
Output Time	13:31:56

[File Information]
Type	Data File
Generated	26.08.2020 13:56:41
Generated by	System Administrator
Modified	27.08.2020 16:18:40
Modified by	System Administrator

[Sample Information]
Operator Name	System Administrator
Acquired	26.08.2020 13:57:20
Sample Type	0:Unknown
Level	0
Sample Name	Nikolai Click + TCEP neu7 0 min
Sample ID	Nikolai Click + TCEP neu7 0 min
ISTD Amount1	1
ISTD Amount2	1
ISTD Amount3	1
ISTD Amount4	1
ISTD Amount5	1
ISTD Amount6	1
ISTD Amount7	1
ISTD Amount8	1
ISTD Amount9	1
ISTD Amount10	1
ISTD Amount11	1
ISTD Amount12	1
ISTD Amount13	1
ISTD Amount14	1
ISTD Amount15	1
ISTD Amount16	1
ISTD Amount17	1
ISTD Amount18	1
ISTD Amount19	1
ISTD Amount20	1
ISTD Amount21	1
ISTD Amount22	1
ISTD Amount23	1
ISTD Amount24	1
ISTD Amount25	1
ISTD Amount26	1
ISTD Amount27	1
ISTD Amount28	1
ISTD Amount29	1
ISTD Amount30	1
ISTD Amount31	1
ISTD Amount32	1
Sample Amount	1
Dilution Factor	1
Vial#	1
Injection Volume	150

[Original Files]
Data File	C:\LabSolutions\Data\Project1\Miles\Nikolai Click + TCEP neu7 0 min.lcd
Method File	C:\LabSolutions\Data\Project1\Miles\Tripeptid.lcm
Batch File	
Report Format File	C:\LabSolutions\System\DEFAULT.lsr

[File Description]
Nikolai Click + TCEP neu7 0 min

[Configuration]
Instrument Name	KRAEMER-PC-Instrument1
Instrument #	1
Line #	1
# of Detectors	1
Detector ID	PDA
Detector Name	PDA
# of Channels	1

[Peak Table(PDA-Ch1)]
# of Peaks	2
Peak#	R.Time	I.Time	F.Time	Area	Height	A/H	Conc.	Mark	ID#	Name	k'	Plate #	Plate Ht.	Tailing	Resolution	Sep.Factor	Area Ratio	Height Ratio	Conc. %	Norm Conc.
1	14,171	13,973	14,368	1452953	116167	12,507	0,000	   M			0,000	20068	7,475	0,998	0,000	0,000	0	0	0,000	0,000
2	14,947	14,709	15,179	352858	24919	14,160	0,000	   M			0,055	23375	6,417	0,989	1,962	0,000	0	0	0,000	0,000

[Compound Results(PDA)]
# of IDs	0

[PDA Multi Chromatogram(Ch1)]
# of Points	      2815
Interval(msec)	640
Start Time(min)	0
End Time(min)	30,016
Intensity Units	mAU
Intensity Multiplier	1
Type	MultiChrom
Wavelength(nm)	218
Bandwidth(nm)	4
R.Time (min)	Intensity
0,00000	0
0,01067	0
0,02133	0
0,03200	0
0,04267	0
0,05333	0
0,06400	0
0,07467	0
0,08533	0
0,09600	0
0,10667	0
0,11733	-319
0,12800	-766
0,13867	-1386
0,14933	-2116
0,16000	-2676
0,17067	-3260
0,18133	-4111
0,19200	-5083
0,20267	-6169
0,21333	-7231
0,22400	-8298
0,23467	-9306
0,24533	-10306
0,25600	-11282
0,26667	-12241
0,27733	-13252
0,28800	-14242
0,29867	-15217
0,30933	-16202
0,32000	-17196
0,33067	-18113
0,34133	-19065
0,35200	-19992
0,36267	-20897
0,37333	-21817
0,38400	-22721
0,39467	-23592
0,40533	-24454
0,41600	-25303
0,42667	-26162
0,43733	-27006
0,44800	-27870
0,45867	-28735
0,46933	-29582
0,48000	-30432
0,49067	-31300
0,50133	-32126
0,51200	-32984
0,52267	-33824
0,53333	-34678
0,54400	-35514
0,55467	-36327
0,56533	-37141
0,57600	-37922
0,58667	-38661
0,59733	-39453
0,60800	-40185
0,61867	-40959
0,62933	-41726
0,64000	-42461
0,65067	-43190
0,66133	-43964
0,67200	-44688
0,68267	-45452
0,69333	-46186
0,70400	-46913
0,71467	-47667
0,72533	-48405
0,73600	-49133
0,74667	-49896
0,75733	-50613
0,76800	-51370
0,77867	-52107
0,78933	-52821
0,80000	-53570
0,81067	-54308
0,82133	-55068
0,83200	-55812
0,84267	-56521
0,85333	-57219
0,86400	-57890
0,87467	-58638
0,88533	-59358
0,89600	-60074
0,90667	-60799
0,91733	-61524
0,92800	-62228
0,93867	-62961
0,94933	-63676
0,96000	-64397
0,97067	-65086
0,98133	-65806
0,99200	-66482
1,00267	-67175
1,01333	-67898
1,02400	-68597
1,03467	-69306
1,04533	-69961
1,05600	-70653
1,06667	-71333
1,07733	-72000
1,08800	-72670
1,09867	-73349
1,10933	-73995
1,12000	-74700
1,13067	-75356
1,14133	-76007
1,15200	-76673
1,16267	-77332
1,17333	-77951
1,18400	-78612
1,19467	-79286
1,20533	-79937
1,21600	-80554
1,22667	-81223
1,23733	-81859
1,24800	-82461
1,25867	-83095
1,26933	-83738
1,28000	-84383
1,29067	-84997
1,30133	-85630
1,31200	-86239
1,32267	-86806
1,33333	-87432
1,34400	-88014
1,35467	-88594
1,36533	-89167
1,37600	-89781
1,38667	-90370
1,39733	-90960
1,40800	-91535
1,41867	-92073
1,42933	-92668
1,44000	-93183
1,45067	-93716
1,46133	-94243
1,47200	-94737
1,48267	-95223
1,49333	-95701
1,50400	-96186
1,51467	-96643
1,52533	-97080
1,53600	-97511
1,54667	-97924
1,55733	-98328
1,56800	-98688
1,57867	-99029
1,58933	-99357
1,60000	-99618
1,61067	-99881
1,62133	-100107
1,63200	-100273
1,64267	-100441
1,65333	-100581
1,66400	-100653
1,67467	-100705
1,68533	-100685
1,69600	-100635
1,70667	-100524
1,71733	-100350
1,72800	-100179
1,73867	-99933
1,74933	-99597
1,76000	-99208
1,77067	-98772
1,78133	-98265
1,79200	-97709
1,80267	-97078
1,81333	-96378
1,82400	-95602
1,83467	-94760
1,84533	-93842
1,85600	-92864
1,86667	-91777
1,87733	-90625
1,88800	-89366
1,89867	-88063
1,90933	-86675
1,92000	-85217
1,93067	-83667
1,94133	-82055
1,95200	-80364
1,96267	-78581
1,97333	-76744
1,98400	-74817
1,99467	-72830
2,00533	-70790
2,01600	-68678
2,02667	-66542
2,03733	-64352
2,04800	-62108
2,05867	-59856
2,06933	-57589
2,08000	-55297
2,09067	-53015
2,10133	-50719
2,11200	-48417
2,12267	-46137
2,13333	-43865
2,14400	-41604
2,15467	-39389
2,16533	-37207
2,17600	-35099
2,18667	-33011
2,19733	-30932
2,20800	-28957
2,21867	-27047
2,22933	-25155
2,24000	-23381
2,25067	-21628
2,26133	-19922
2,27200	-18312
2,28267	-16764
2,29333	-15303
2,30400	-13857
2,31467	-12487
2,32533	-11200
2,33600	-9970
2,34667	-8808
2,35733	-7664
2,36800	-6618
2,37867	-5666
2,38933	-4751
2,40000	-3931
2,41067	-3116
2,42133	-2334
2,43200	-1607
2,44267	-974
2,45333	-390
2,46400	164
2,47467	646
2,48533	1069
2,49600	1454
2,50667	1832
2,51733	2140
2,52800	2415
2,53867	2693
2,54933	2898
2,56000	3083
2,57067	3290
2,58133	3487
2,59200	3669
2,60267	3830
2,61333	3977
2,62400	4082
2,63467	4194
2,64533	4189
2,65600	4188
2,66667	4187
2,67733	4114
2,68800	4090
2,69867	3994
2,70933	3877
2,72000	3774
2,73067	3667
2,74133	3525
2,75200	3396
2,76267	3234
2,77333	3088
2,78400	2947
2,79467	2858
2,80533	2773
2,81600	2660
2,82667	2591
2,83733	2546
2,84800	2547
2,85867	2645
2,86933	2803
2,88000	3049
2,89067	3282
2,90133	3328
2,91200	3133
2,92267	2693
2,93333	2132
2,94400	1546
2,95467	1061
2,96533	687
2,97600	447
2,98667	253
2,99733	107
3,00800	-42
3,01867	-138
3,02933	-303
3,04000	-518
3,05067	-735
3,06133	-993
3,07200	-1322
3,08267	-1762
3,09333	-2387
3,10400	-3782
3,11467	-7800
3,12533	-18374
3,13600	-38264
3,14667	-64632
3,15733	-91335
3,16800	-114248
3,17867	-132083
3,18933	-145026
3,20000	-153712
3,21067	-158948
3,22133	-161503
3,23200	-162096
3,24267	-161279
3,25333	-159445
3,26400	-156884
3,27467	-153680
3,28533	-149965
3,29600	-145865
3,30667	-141508
3,31733	-136939
3,32800	-132238
3,33867	-127489
3,34933	-122725
3,36000	-117969
3,37067	-113236
3,38133	-108519
3,39200	-103865
3,40267	-99258
3,41333	-94669
3,42400	-90110
3,43467	-85683
3,44533	-81337
3,45600	-77112
3,46667	-72976
3,47733	-68919
3,48800	-65018
3,49867	-61263
3,50933	-57588
3,52000	-54069
3,53067	-50642
3,54133	-47398
3,55200	-44254
3,56267	-41267
3,57333	-38407
3,58400	-35583
3,59467	-32905
3,60533	-30330
3,61600	-27895
3,62667	-25564
3,63733	-23341
3,64800	-21327
3,65867	-19419
3,66933	-17691
3,68000	-16075
3,69067	-14586
3,70133	-13226
3,71200	-12030
3,72267	-10887
3,73333	-9895
3,74400	-8953
3,75467	-8151
3,76533	-7413
3,77600	-6702
3,78667	-6121
3,79733	-5544
3,80800	-5002
3,81867	-4466
3,82933	-3961
3,84000	-3446
3,85067	-2941
3,86133	-2348
3,87200	-1772
3,88267	-1148
3,89333	-471
3,90400	244
3,91467	1002
3,92533	1814
3,93600	2708
3,94667	3621
3,95733	4595
3,96800	5624
3,97867	6887
3,98933	8115
4,00000	8341
4,01067	7458
4,02133	6316
4,03200	5517
4,04267	5240
4,05333	5346
4,06400	5678
4,07467	6099
4,08533	6524
4,09600	6975
4,10667	7367
4,11733	7724
4,12800	8055
4,13867	8275
4,14933	8467
4,16000	8568
4,17067	8599
4,18133	8380
4,19200	7930
4,20267	7193
4,21333	6096
4,22400	4692
4,23467	2963
4,24533	887
4,25600	-1448
4,26667	-4144
4,27733	-7064
4,28800	-10222
4,29867	-13476
4,30933	-16703
4,32000	-19876
4,33067	-22879
4,34133	-25608
4,35200	-28039
4,36267	-30226
4,37333	-32145
4,38400	-33689
4,39467	-34986
4,40533	-36029
4,41600	-36977
4,42667	-37825
4,43733	-38606
4,44800	-39363
4,45867	-40035
4,46933	-40548
4,48000	-40992
4,49067	-41335
4,50133	-41519
4,51200	-41602
4,52267	-41572
4,53333	-41434
4,54400	-41238
4,55467	-40951
4,56533	-40597
4,57600	-40182
4,58667	-39692
4,59733	-39197
4,60800	-38627
4,61867	-38014
4,62933	-37357
4,64000	-36656
4,65067	-35974
4,66133	-35239
4,67200	-34472
4,68267	-33661
4,69333	-32841
4,70400	-31993
4,71467	-31165
4,72533	-30289
4,73600	-29450
4,74667	-28513
4,75733	-27589
4,76800	-26672
4,77867	-25709
4,78933	-24762
4,80000	-23789
4,81067	-22805
4,82133	-21804
4,83200	-20857
4,84267	-19806
4,85333	-18748
4,86400	-17732
4,87467	-16695
4,88533	-15624
4,89600	-14563
4,90667	-13492
4,91733	-12434
4,92800	-11387
4,93867	-10336
4,94933	-9257
4,96000	-8177
4,97067	-7083
4,98133	-6030
4,99200	-4958
5,00267	-3902
5,01333	-2842
5,02400	-1804
5,03467	-731
5,04533	274
5,05600	1303
5,06667	2299
5,07733	3288
5,08800	4281
5,09867	5198
5,10933	6059
5,12000	6912
5,13067	7714
5,14133	8430
5,15200	9048
5,16267	9533
5,17333	9935
5,18400	10198
5,19467	10248
5,20533	10097
5,21600	9768
5,22667	9249
5,23733	8627
5,24800	7949
5,25867	7191
5,26933	6461
5,28000	5654
5,29067	4890
5,30133	4173
5,31200	3472
5,32267	2790
5,33333	2119
5,34400	1525
5,35467	923
5,36533	392
5,37600	-128
5,38667	-616
5,39733	-1077
5,40800	-1530
5,41867	-1978
5,42933	-2346
5,44000	-2730
5,45067	-3071
5,46133	-3423
5,47200	-3723
5,48267	-4015
5,49333	-4288
5,50400	-4561
5,51467	-4834
5,52533	-5046
5,53600	-5294
5,54667	-5488
5,55733	-5665
5,56800	-5882
5,57867	-6034
5,58933	-6201
5,60000	-6367
5,61067	-6499
5,62133	-6634
5,63200	-6767
5,64267	-6936
5,65333	-7055
5,66400	-7152
5,67467	-7274
5,68533	-7364
5,69600	-7472
5,70667	-7551
5,71733	-7634
5,72800	-7735
5,73867	-7831
5,74933	-7869
5,76000	-7988
5,77067	-8059
5,78133	-8117
5,79200	-8206
5,80267	-8229
5,81333	-8312
5,82400	-8373
5,83467	-8468
5,84533	-8506
5,85600	-8529
5,86667	-8609
5,87733	-8595
5,88800	-8705
5,89867	-8717
5,90933	-8784
5,92000	-8808
5,93067	-8855
5,94133	-8922
5,95200	-8942
5,96267	-8963
5,97333	-8989
5,98400	-8982
5,99467	-8985
6,00533	-8947
6,01600	-8889
6,02667	-8807
6,03733	-8809
6,04800	-8749
6,05867	-8741
6,06933	-8797
6,08000	-8873
6,09067	-8915
6,10133	-9015
6,11200	-9066
6,12267	-9139
6,13333	-9185
6,14400	-9239
6,15467	-9273
6,16533	-9307
6,17600	-9309
6,18667	-9322
6,19733	-9350
6,20800	-9370
6,21867	-9349
6,22933	-9287
6,24000	-9186
6,25067	-9048
6,26133	-8873
6,27200	-8664
6,28267	-8517
6,29333	-8390
6,30400	-8318
6,31467	-8374
6,32533	-8477
6,33600	-8615
6,34667	-8782
6,35733	-8940
6,36800	-9099
6,37867	-9215
6,38933	-9356
6,40000	-9490
6,41067	-9520
6,42133	-9557
6,43200	-9636
6,44267	-9631
6,45333	-9664
6,46400	-9675
6,47467	-9702
6,48533	-9728
6,49600	-9784
6,50667	-9785
6,51733	-9771
6,52800	-9806
6,53867	-9786
6,54933	-9806
6,56000	-9824
6,57067	-9810
6,58133	-9773
6,59200	-9798
6,60267	-9810
6,61333	-9798
6,62400	-9779
6,63467	-9818
6,64533	-9794
6,65600	-9800
6,66667	-9787
6,67733	-9754
6,68800	-9782
6,69867	-9794
6,70933	-9791
6,72000	-9810
6,73067	-9815
6,74133	-9826
6,75200	-9836
6,76267	-9846
6,77333	-9858
6,78400	-9865
6,79467	-9879
6,80533	-9873
6,81600	-9841
6,82667	-9824
6,83733	-9816
6,84800	-9812
6,85867	-9808
6,86933	-9766
6,88000	-9774
6,89067	-9738
6,90133	-9744
6,91200	-9730
6,92267	-9705
6,93333	-9717
6,94400	-9739
6,95467	-9737
6,96533	-9748
6,97600	-9749
6,98667	-9737
6,99733	-9739
7,00800	-9707
7,01867	-9676
7,02933	-9680
7,04000	-9643
7,05067	-9645
7,06133	-9648
7,07200	-9644
7,08267	-9622
7,09333	-9624
7,10400	-9609
7,11467	-9582
7,12533	-9570
7,13600	-9581
7,14667	-9581
7,15733	-9509
7,16800	-9501
7,17867	-9474
7,18933	-9482
7,20000	-9444
7,21067	-9417
7,22133	-9394
7,23200	-9434
7,24267	-9413
7,25333	-9390
7,26400	-9390
7,27467	-9402
7,28533	-9386
7,29600	-9405
7,30667	-9406
7,31733	-9376
7,32800	-9352
7,33867	-9318
7,34933	-9289
7,36000	-9312
7,37067	-9303
7,38133	-9326
7,39200	-9302
7,40267	-9293
7,41333	-9319
7,42400	-9316
7,43467	-9331
7,44533	-9336
7,45600	-9319
7,46667	-9318
7,47733	-9272
7,48800	-9285
7,49867	-9269
7,50933	-9273
7,52000	-9290
7,53067	-9264
7,54133	-9225
7,55200	-9215
7,56267	-9166
7,57333	-9135
7,58400	-9126
7,59467	-9120
7,60533	-9104
7,61600	-9117
7,62667	-9137
7,63733	-9124
7,64800	-9115
7,65867	-9130
7,66933	-9111
7,68000	-9143
7,69067	-9133
7,70133	-9118
7,71200	-9121
7,72267	-9100
7,73333	-9042
7,74400	-9028
7,75467	-9019
7,76533	-8976
7,77600	-8981
7,78667	-8954
7,79733	-8971
7,80800	-8959
7,81867	-8961
7,82933	-8967
7,84000	-8945
7,85067	-8953
7,86133	-8959
7,87200	-8949
7,88267	-8950
7,89333	-8935
7,90400	-8892
7,91467	-8908
7,92533	-8912
7,93600	-8887
7,94667	-8886
7,95733	-8811
7,96800	-8784
7,97867	-8760
7,98933	-8707
8,00000	-8668
8,01067	-8645
8,02133	-8562
8,03200	-8541
8,04267	-8524
8,05333	-8477
8,06400	-8495
8,07467	-8511
8,08533	-8512
8,09600	-8507
8,10667	-8520
8,11733	-8555
8,12800	-8577
8,13867	-8602
8,14933	-8596
8,16000	-8576
8,17067	-8595
8,18133	-8605
8,19200	-8638
8,20267	-8625
8,21333	-8568
8,22400	-8573
8,23467	-8569
8,24533	-8568
8,25600	-8596
8,26667	-8540
8,27733	-8534
8,28800	-8524
8,29867	-8517
8,30933	-8509
8,32000	-8507
8,33067	-8527
8,34133	-8506
8,35200	-8497
8,36267	-8489
8,37333	-8450
8,38400	-8461
8,39467	-8449
8,40533	-8433
8,41600	-8449
8,42667	-8436
8,43733	-8406
8,44800	-8420
8,45867	-8436
8,46933	-8419
8,48000	-8374
8,49067	-8384
8,50133	-8366
8,51200	-8349
8,52267	-8360
8,53333	-8329
8,54400	-8326
8,55467	-8318
8,56533	-8308
8,57600	-8306
8,58667	-8284
8,59733	-8273
8,60800	-8264
8,61867	-8265
8,62933	-8251
8,64000	-8232
8,65067	-8229
8,66133	-8206
8,67200	-8166
8,68267	-8129
8,69333	-8077
8,70400	-8037
8,71467	-7952
8,72533	-7887
8,73600	-7821
8,74667	-7781
8,75733	-7748
8,76800	-7773
8,77867	-7792
8,78933	-7836
8,80000	-7862
8,81067	-7932
8,82133	-7967
8,83200	-7972
8,84267	-7998
8,85333	-8045
8,86400	-8031
8,87467	-8032
8,88533	-8064
8,89600	-8070
8,90667	-8052
8,91733	-8057
8,92800	-8072
8,93867	-8052
8,94933	-8040
8,96000	-8020
8,97067	-7995
8,98133	-8002
8,99200	-7982
9,00267	-7943
9,01333	-7968
9,02400	-7928
9,03467	-7919
9,04533	-7938
9,05600	-7913
9,06667	-7901
9,07733	-7876
9,08800	-7852
9,09867	-7853
9,10933	-7837
9,12000	-7834
9,13067	-7803
9,14133	-7791
9,15200	-7799
9,16267	-7759
9,17333	-7750
9,18400	-7746
9,19467	-7722
9,20533	-7695
9,21600	-7678
9,22667	-7666
9,23733	-7616
9,24800	-7619
9,25867	-7623
9,26933	-7593
9,28000	-7574
9,29067	-7559
9,30133	-7577
9,31200	-7588
9,32267	-7556
9,33333	-7539
9,34400	-7531
9,35467	-7527
9,36533	-7511
9,37600	-7492
9,38667	-7468
9,39733	-7432
9,40800	-7398
9,41867	-7400
9,42933	-7422
9,44000	-7405
9,45067	-7353
9,46133	-7350
9,47200	-7336
9,48267	-7322
9,49333	-7317
9,50400	-7296
9,51467	-7249
9,52533	-7237
9,53600	-7223
9,54667	-7204
9,55733	-7204
9,56800	-7154
9,57867	-7139
9,58933	-7153
9,60000	-7160
9,61067	-7149
9,62133	-7171
9,63200	-7157
9,64267	-7148
9,65333	-7104
9,66400	-7080
9,67467	-7088
9,68533	-7055
9,69600	-7067
9,70667	-7042
9,71733	-7024
9,72800	-7049
9,73867	-7020
9,74933	-6999
9,76000	-7025
9,77067	-6992
9,78133	-6960
9,79200	-6925
9,80267	-6938
9,81333	-6929
9,82400	-6901
9,83467	-6883
9,84533	-6878
9,85600	-6871
9,86667	-6834
9,87733	-6826
9,88800	-6822
9,89867	-6797
9,90933	-6779
9,92000	-6755
9,93067	-6692
9,94133	-6684
9,95200	-6650
9,96267	-6623
9,97333	-6615
9,98400	-6612
9,99467	-6585
10,00533	-6589
10,01600	-6608
10,02667	-6562
10,03733	-6597
10,04800	-6538
10,05867	-6507
10,06933	-6490
10,08000	-6516
10,09067	-6521
10,10133	-6459
10,11200	-6466
10,12267	-6445
10,13333	-6392
10,14400	-6383
10,15467	-6368
10,16533	-6354
10,17600	-6327
10,18667	-6307
10,19733	-6266
10,20800	-6287
10,21867	-6263
10,22933	-6286
10,24000	-6262
10,25067	-6215
10,26133	-6186
10,27200	-6204
10,28267	-6213
10,29333	-6192
10,30400	-6180
10,31467	-6130
10,32533	-6112
10,33600	-6125
10,34667	-6093
10,35733	-6075
10,36800	-6085
10,37867	-6048
10,38933	-6022
10,40000	-6013
10,41067	-5992
10,42133	-6002
10,43200	-5994
10,44267	-5938
10,45333	-5912
10,46400	-5925
10,47467	-5914
10,48533	-5887
10,49600	-5858
10,50667	-5878
10,51733	-5831
10,52800	-5801
10,53867	-5825
10,54933	-5816
10,56000	-5784
10,57067	-5750
10,58133	-5758
10,59200	-5755
10,60267	-5741
10,61333	-5710
10,62400	-5699
10,63467	-5688
10,64533	-5657
10,65600	-5657
10,66667	-5666
10,67733	-5628
10,68800	-5600
10,69867	-5603
10,70933	-5580
10,72000	-5559
10,73067	-5538
10,74133	-5569
10,75200	-5522
10,76267	-5509
10,77333	-5449
10,78400	-5445
10,79467	-5454
10,80533	-5430
10,81600	-5431
10,82667	-5392
10,83733	-5379
10,84800	-5339
10,85867	-5323
10,86933	-5293
10,88000	-5283
10,89067	-5282
10,90133	-5257
10,91200	-5196
10,92267	-5195
10,93333	-5181
10,94400	-5167
10,95467	-5118
10,96533	-5147
10,97600	-5116
10,98667	-5126
10,99733	-5080
11,00800	-5042
11,01867	-5005
11,02933	-4984
11,04000	-4967
11,05067	-4974
11,06133	-4935
11,07200	-4916
11,08267	-4878
11,09333	-4868
11,10400	-4843
11,11467	-4832
11,12533	-4819
11,13600	-4795
11,14667	-4746
11,15733	-4713
11,16800	-4711
11,17867	-4694
11,18933	-4685
11,20000	-4700
11,21067	-4657
11,22133	-4664
11,23200	-4646
11,24267	-4631
11,25333	-4636
11,26400	-4606
11,27467	-4595
11,28533	-4584
11,29600	-4565
11,30667	-4544
11,31733	-4520
11,32800	-4514
11,33867	-4481
11,34933	-4473
11,36000	-4436
11,37067	-4408
11,38133	-4393
11,39200	-4346
11,40267	-4315
11,41333	-4333
11,42400	-4304
11,43467	-4327
11,44533	-4285
11,45600	-4286
11,46667	-4286
11,47733	-4253
11,48800	-4197
11,49867	-4184
11,50933	-4170
11,52000	-4130
11,53067	-4143
11,54133	-4129
11,55200	-4110
11,56267	-4088
11,57333	-4061
11,58400	-4052
11,59467	-3997
11,60533	-3951
11,61600	-3983
11,62667	-3932
11,63733	-3923
11,64800	-3903
11,65867	-3910
11,66933	-3876
11,68000	-3882
11,69067	-3861
11,70133	-3849
11,71200	-3807
11,72267	-3813
11,73333	-3764
11,74400	-3741
11,75467	-3699
11,76533	-3666
11,77600	-3617
11,78667	-3620
11,79733	-3593
11,80800	-3593
11,81867	-3580
11,82933	-3514
11,84000	-3510
11,85067	-3500
11,86133	-3465
11,87200	-3461
11,88267	-3440
11,89333	-3404
11,90400	-3411
11,91467	-3375
11,92533	-3386
11,93600	-3358
11,94667	-3318
11,95733	-3324
11,96800	-3300
11,97867	-3285
11,98933	-3273
12,00000	-3239
12,01067	-3176
12,02133	-3168
12,03200	-3170
12,04267	-3148
12,05333	-3146
12,06400	-3136
12,07467	-3111
12,08533	-3094
12,09600	-3041
12,10667	-3053
12,11733	-3049
12,12800	-3019
12,13867	-3011
12,14933	-2988
12,16000	-2913
12,17067	-2927
12,18133	-2896
12,19200	-2902
12,20267	-2847
12,21333	-2790
12,22400	-2748
12,23467	-2761
12,24533	-2711
12,25600	-2690
12,26667	-2674
12,27733	-2640
12,28800	-2640
12,29867	-2621
12,30933	-2589
12,32000	-2578
12,33067	-2576
12,34133	-2571
12,35200	-2537
12,36267	-2510
12,37333	-2535
12,38400	-2514
12,39467	-2508
12,40533	-2459
12,41600	-2447
12,42667	-2414
12,43733	-2371
12,44800	-2375
12,45867	-2362
12,46933	-2329
12,48000	-2290
12,49067	-2268
12,50133	-2238
12,51200	-2231
12,52267	-2170
12,53333	-2178
12,54400	-2128
12,55467	-2109
12,56533	-2094
12,57600	-2070
12,58667	-2031
12,59733	-1996
12,60800	-1974
12,61867	-1940
12,62933	-1891
12,64000	-1907
12,65067	-1871
12,66133	-1839
12,67200	-1847
12,68267	-1794
12,69333	-1785
12,70400	-1712
12,71467	-1677
12,72533	-1669
12,73600	-1654
12,74667	-1599
12,75733	-1529
12,76800	-1532
12,77867	-1495
12,78933	-1448
12,80000	-1455
12,81067	-1391
12,82133	-1348
12,83200	-1301
12,84267	-1274
12,85333	-1235
12,86400	-1202
12,87467	-1168
12,88533	-1127
12,89600	-1084
12,90667	-1029
12,91733	-1014
12,92800	-995
12,93867	-946
12,94933	-868
12,96000	-834
12,97067	-818
12,98133	-763
12,99200	-727
13,00267	-652
13,01333	-616
13,02400	-584
13,03467	-537
13,04533	-486
13,05600	-490
13,06667	-453
13,07733	-399
13,08800	-376
13,09867	-324
13,10933	-252
13,12000	-151
13,13067	-45
13,14133	80
13,15200	172
13,16267	200
13,17333	329
13,18400	341
13,19467	373
13,20533	381
13,21600	446
13,22667	462
13,23733	511
13,24800	577
13,25867	645
13,26933	745
13,28000	793
13,29067	850
13,30133	892
13,31200	905
13,32267	945
13,33333	986
13,34400	1046
13,35467	1157
13,36533	1194
13,37600	1264
13,38667	1389
13,39733	1439
13,40800	1472
13,41867	1493
13,42933	1511
13,44000	1529
13,45067	1581
13,46133	1647
13,47200	1720
13,48267	1778
13,49333	1849
13,50400	1929
13,51467	1992
13,52533	2052
13,53600	2194
13,54667	2380
13,55733	2748
13,56800	3306
13,57867	4148
13,58933	5260
13,60000	6633
13,61067	8170
13,62133	9661
13,63200	11014
13,64267	12066
13,65333	12817
13,66400	13395
13,67467	13870
13,68533	14521
13,69600	15360
13,70667	16544
13,71733	17776
13,72800	19038
13,73867	20049
13,74933	20681
13,76000	20944
13,77067	20961
13,78133	20888
13,79200	20952
13,80267	21286
13,81333	21945
13,82400	22881
13,83467	23988
13,84533	25164
13,85600	26271
13,86667	27242
13,87733	27977
13,88800	28568
13,89867	29074
13,90933	29467
13,92000	29813
13,93067	30110
13,94133	30375
13,95200	30728
13,96267	31522
13,97333	33370
13,98400	36835
13,99467	42555
14,00533	50676
14,01600	60758
14,02667	71699
14,03733	82239
14,04800	91064
14,05867	97466
14,06933	101319
14,08000	103433
14,09067	105069
14,10133	107560
14,11200	111943
14,12267	118491
14,13333	126641
14,14400	134991
14,15467	141827
14,16533	145583
14,17600	145629
14,18667	142146
14,19733	135880
14,20800	128274
14,21867	120374
14,22933	113092
14,24000	106590
14,25067	100630
14,26133	94696
14,27200	88275
14,28267	81100
14,29333	73095
14,30400	64571
14,31467	56026
14,32533	47966
14,33600	40696
14,34667	34554
14,35733	29510
14,36800	25467
14,37867	22231
14,38933	19506
14,40000	17319
14,41067	15404
14,42133	13860
14,43200	12537
14,44267	11487
14,45333	10674
14,46400	10067
14,47467	9592
14,48533	9237
14,49600	8988
14,50667	8820
14,51733	8754
14,52800	8664
14,53867	8618
14,54933	8649
14,56000	8660
14,57067	8667
14,58133	8642
14,59200	8626
14,60267	8622
14,61333	8599
14,62400	8560
14,63467	8562
14,64533	8576
14,65600	8624
14,66667	8654
14,67733	8743
14,68800	8872
14,69867	9057
14,70933	9342
14,72000	9794
14,73067	10356
14,74133	11089
14,75200	11981
14,76267	12983
14,77333	13989
14,78400	15006
14,79467	16142
14,80533	17464
14,81600	18971
14,82667	20685
14,83733	22554
14,84800	24406
14,85867	26191
14,86933	27715
14,88000	29017
14,89067	30112
14,90133	31068
14,91200	31881
14,92267	32564
14,93333	32972
14,94400	33219
14,95467	33146
14,96533	32759
14,97600	32104
14,98667	31160
14,99733	29919
15,00800	28457
15,01867	26803
15,02933	25091
15,04000	23357
15,05067	21667
15,06133	20043
15,07200	18449
15,08267	16931
15,09333	15425
15,10400	14014
15,11467	12704
15,12533	11461
15,13600	10373
15,14667	9385
15,15733	8554
15,16800	7853
15,17867	7283
15,18933	6817
15,20000	6445
15,21067	6154
15,22133	5923
15,23200	5788
15,24267	5661
15,25333	5586
15,26400	5517
15,27467	5467
15,28533	5427
15,29600	5349
15,30667	5306
15,31733	5238
15,32800	5197
15,33867	5126
15,34933	5043
15,36000	5015
15,37067	4955
15,38133	4895
15,39200	4829
15,40267	4789
15,41333	4733
15,42400	4683
15,43467	4647
15,44533	4614
15,45600	4580
15,46667	4535
15,47733	4532
15,48800	4468
15,49867	4442
15,50933	4381
15,52000	4346
15,53067	4316
15,54133	4293
15,55200	4253
15,56267	4218
15,57333	4178
15,58400	4159
15,59467	4170
15,60533	4143
15,61600	4135
15,62667	4125
15,63733	4151
15,64800	4153
15,65867	4091
15,66933	4096
15,68000	4065
15,69067	4044
15,70133	4010
15,71200	4013
15,72267	3973
15,73333	3972
15,74400	3965
15,75467	3917
15,76533	3946
15,77600	3935
15,78667	3936
15,79733	3910
15,80800	3884
15,81867	3881
15,82933	3877
15,84000	3870
15,85067	3840
15,86133	3845
15,87200	3825
15,88267	3821
15,89333	3834
15,90400	3813
15,91467	3846
15,92533	3832
15,93600	3839
15,94667	3793
15,95733	3818
15,96800	3848
15,97867	3891
15,98933	3897
16,00000	3938
16,01067	3925
16,02133	3893
16,03200	3917
16,04267	3922
16,05333	3937
16,06400	3922
16,07467	3925
16,08533	3930
16,09600	3940
16,10667	3944
16,11733	3964
16,12800	3989
16,13867	3996
16,14933	4044
16,16000	4017
16,17067	4028
16,18133	4052
16,19200	4098
16,20267	4129
16,21333	4109
16,22400	4136
16,23467	4147
16,24533	4108
16,25600	4129
16,26667	4140
16,27733	4142
16,28800	4102
16,29867	4103
16,30933	4102
16,32000	4131
16,33067	4171
16,34133	4184
16,35200	4156
16,36267	4181
16,37333	4185
16,38400	4164
16,39467	4191
16,40533	4189
16,41600	4210
16,42667	4249
16,43733	4254
16,44800	4265
16,45867	4268
16,46933	4294
16,48000	4319
16,49067	4357
16,50133	4385
16,51200	4392
16,52267	4393
16,53333	4421
16,54400	4474
16,55467	4464
16,56533	4509
16,57600	4518
16,58667	4519
16,59733	4552
16,60800	4561
16,61867	4543
16,62933	4562
16,64000	4577
16,65067	4600
16,66133	4594
16,67200	4594
16,68267	4607
16,69333	4680
16,70400	4666
16,71467	4688
16,72533	4683
16,73600	4742
16,74667	4749
16,75733	4751
16,76800	4787
16,77867	4756
16,78933	4799
16,80000	4786
16,81067	4818
16,82133	4860
16,83200	4861
16,84267	4887
16,85333	4881
16,86400	4887
16,87467	4904
16,88533	4913
16,89600	4940
16,90667	4947
16,91733	4976
16,92800	5006
16,93867	5006
16,94933	5038
16,96000	5047
16,97067	5093
16,98133	5092
16,99200	5093
17,00267	5110
17,01333	5118
17,02400	5151
17,03467	5190
17,04533	5237
17,05600	5253
17,06667	5265
17,07733	5302
17,08800	5309
17,09867	5337
17,10933	5366
17,12000	5356
17,13067	5368
17,14133	5355
17,15200	5424
17,16267	5467
17,17333	5459
17,18400	5522
17,19467	5524
17,20533	5523
17,21600	5560
17,22667	5544
17,23733	5531
17,24800	5596
17,25867	5584
17,26933	5591
17,28000	5612
17,29067	5632
17,30133	5667
17,31200	5680
17,32267	5682
17,33333	5699
17,34400	5735
17,35467	5735
17,36533	5735
17,37600	5782
17,38667	5798
17,39733	5775
17,40800	5822
17,41867	5870
17,42933	5870
17,44000	5896
17,45067	5865
17,46133	5904
17,47200	5910
17,48267	5914
17,49333	5962
17,50400	5987
17,51467	5996
17,52533	6016
17,53600	6029
17,54667	6050
17,55733	6055
17,56800	6083
17,57867	6122
17,58933	6152
17,60000	6129
17,61067	6131
17,62133	6185
17,63200	6206
17,64267	6253
17,65333	6282
17,66400	6307
17,67467	6327
17,68533	6373
17,69600	6426
17,70667	6460
17,71733	6493
17,72800	6534
17,73867	6594
17,74933	6645
17,76000	6723
17,77067	6831
17,78133	6885
17,79200	6950
17,80267	7008
17,81333	7098
17,82400	7162
17,83467	7182
17,84533	7202
17,85600	7228
17,86667	7269
17,87733	7325
17,88800	7371
17,89867	7370
17,90933	7368
17,92000	7381
17,93067	7398
17,94133	7457
17,95200	7455
17,96267	7463
17,97333	7456
17,98400	7482
17,99467	7481
18,00533	7449
18,01600	7473
18,02667	7488
18,03733	7512
18,04800	7524
18,05867	7534
18,06933	7545
18,08000	7579
18,09067	7608
18,10133	7646
18,11200	7667
18,12267	7687
18,13333	7709
18,14400	7742
18,15467	7781
18,16533	7814
18,17600	7854
18,18667	7876
18,19733	7900
18,20800	7903
18,21867	7939
18,22933	7952
18,24000	7981
18,25067	7996
18,26133	7996
18,27200	8064
18,28267	8067
18,29333	8119
18,30400	8102
18,31467	8119
18,32533	8141
18,33600	8185
18,34667	8213
18,35733	8233
18,36800	8248
18,37867	8309
18,38933	8326
18,40000	8320
18,41067	8345
18,42133	8356
18,43200	8399
18,44267	8456
18,45333	8488
18,46400	8458
18,47467	8472
18,48533	8493
18,49600	8532
18,50667	8542
18,51733	8583
18,52800	8604
18,53867	8633
18,54933	8643
18,56000	8666
18,57067	8680
18,58133	8725
18,59200	8750
18,60267	8761
18,61333	8770
18,62400	8817
18,63467	8867
18,64533	8874
18,65600	8898
18,66667	8946
18,67733	8973
18,68800	8995
18,69867	8984
18,70933	9038
18,72000	9052
18,73067	9065
18,74133	9131
18,75200	9129
18,76267	9126
18,77333	9142
18,78400	9165
18,79467	9188
18,80533	9188
18,81600	9216
18,82667	9199
18,83733	9235
18,84800	9289
18,85867	9285
18,86933	9311
18,88000	9323
18,89067	9357
18,90133	9369
18,91200	9371
18,92267	9408
18,93333	9434
18,94400	9452
18,95467	9495
18,96533	9497
18,97600	9557
18,98667	9586
18,99733	9670
19,00800	9752
19,01867	9774
19,02933	9843
19,04000	9957
19,05067	9997
19,06133	10149
19,07200	10288
19,08267	10412
19,09333	10520
19,10400	10624
19,11467	10685
19,12533	10749
19,13600	10806
19,14667	10849
19,15733	10891
19,16800	10901
19,17867	10929
19,18933	10953
19,20000	10953
19,21067	10980
19,22133	10979
19,23200	10967
19,24267	10983
19,25333	10956
19,26400	10938
19,27467	10933
19,28533	10903
19,29600	10887
19,30667	10870
19,31733	10867
19,32800	10868
19,33867	10867
19,34933	10912
19,36000	10912
19,37067	10962
19,38133	11017
19,39200	11047
19,40267	11138
19,41333	11216
19,42400	11284
19,43467	11266
19,44533	11291
19,45600	11353
19,46667	11367
19,47733	11348
19,48800	11399
19,49867	11395
19,50933	11397
19,52000	11405
19,53067	11372
19,54133	11394
19,55200	11403
19,56267	11412
19,57333	11395
19,58400	11392
19,59467	11412
19,60533	11458
19,61600	11435
19,62667	11451
19,63733	11464
19,64800	11448
19,65867	11451
19,66933	11494
19,68000	11502
19,69067	11504
19,70133	11549
19,71200	11560
19,72267	11563
19,73333	11631
19,74400	11612
19,75467	11612
19,76533	11650
19,77600	11703
19,78667	11731
19,79733	11747
19,80800	11778
19,81867	11827
19,82933	11882
19,84000	11902
19,85067	11938
19,86133	11968
19,87200	11981
19,88267	12022
19,89333	12041
19,90400	12048
19,91467	12085
19,92533	12104
19,93600	12116
19,94667	12144
19,95733	12148
19,96800	12203
19,97867	12234
19,98933	12244
20,00000	12267
20,01067	12289
20,02133	12362
20,03200	12375
20,04267	12384
20,05333	12429
20,06400	12430
20,07467	12485
20,08533	12544
20,09600	12548
20,10667	12606
20,11733	12624
20,12800	12671
20,13867	12673
20,14933	12717
20,16000	12775
20,17067	12796
20,18133	12790
20,19200	12830
20,20267	12848
20,21333	12901
20,22400	12944
20,23467	12967
20,24533	13054
20,25600	13093
20,26667	13142
20,27733	13147
20,28800	13180
20,29867	13237
20,30933	13281
20,32000	13319
20,33067	13359
20,34133	13401
20,35200	13436
20,36267	13459
20,37333	13476
20,38400	13503
20,39467	13529
20,40533	13547
20,41600	13589
20,42667	13630
20,43733	13662
20,44800	13695
20,45867	13681
20,46933	13689
20,48000	13724
20,49067	13794
20,50133	13801
20,51200	13825
20,52267	13859
20,53333	13869
20,54400	13879
20,55467	13926
20,56533	13970
20,57600	14023
20,58667	14058
20,59733	14091
20,60800	14134
20,61867	14155
20,62933	14199
20,64000	14258
20,65067	14342
20,66133	14401
20,67200	14468
20,68267	14559
20,69333	14668
20,70400	14673
20,71467	14711
20,72533	14783
20,73600	14834
20,74667	14865
20,75733	14913
20,76800	14923
20,77867	14966
20,78933	15012
20,80000	15048
20,81067	15021
20,82133	15062
20,83200	15059
20,84267	15079
20,85333	15106
20,86400	15138
20,87467	15158
20,88533	15184
20,89600	15183
20,90667	15242
20,91733	15271
20,92800	15290
20,93867	15307
20,94933	15320
20,96000	15328
20,97067	15367
20,98133	15399
20,99200	15435
21,00267	15468
21,01333	15505
21,02400	15542
21,03467	15587
21,04533	15622
21,05600	15676
21,06667	15671
21,07733	15717
21,08800	15742
21,09867	15798
21,10933	15805
21,12000	15890
21,13067	15912
21,14133	15924
21,15200	15983
21,16267	16011
21,17333	16024
21,18400	16055
21,19467	16117
21,20533	16154
21,21600	16165
21,22667	16228
21,23733	16269
21,24800	16316
21,25867	16336
21,26933	16391
21,28000	16451
21,29067	16461
21,30133	16509
21,31200	16533
21,32267	16555
21,33333	16598
21,34400	16638
21,35467	16670
21,36533	16692
21,37600	16728
21,38667	16810
21,39733	16845
21,40800	16877
21,41867	16882
21,42933	16924
21,44000	16992
21,45067	17050
21,46133	17071
21,47200	17098
21,48267	17169
21,49333	17182
21,50400	17261
21,51467	17302
21,52533	17340
21,53600	17369
21,54667	17387
21,55733	17442
21,56800	17530
21,57867	17555
21,58933	17592
21,60000	17693
21,61067	17745
21,62133	17782
21,63200	17813
21,64267	17866
21,65333	17915
21,66400	17975
21,67467	17960
21,68533	18000
21,69600	18061
21,70667	18116
21,71733	18155
21,72800	18253
21,73867	18300
21,74933	18328
21,76000	18392
21,77067	18424
21,78133	18502
21,79200	18570
21,80267	18640
21,81333	18679
21,82400	18790
21,83467	18834
21,84533	18890
21,85600	18934
21,86667	19006
21,87733	19072
21,88800	19100
21,89867	19131
21,90933	19178
21,92000	19174
21,93067	19239
21,94133	19246
21,95200	19262
21,96267	19323
21,97333	19368
21,98400	19375
21,99467	19404
22,00533	19454
22,01600	19467
22,02667	19515
22,03733	19531
22,04800	19585
22,05867	19595
22,06933	19651
22,08000	19690
22,09067	19699
22,10133	19755
22,11200	19813
22,12267	19839
22,13333	19868
22,14400	19940
22,15467	19960
22,16533	19992
22,17600	20041
22,18667	20080
22,19733	20139
22,20800	20227
22,21867	20293
22,22933	20344
22,24000	20469
22,25067	20548
22,26133	20640
22,27200	20733
22,28267	20847
22,29333	20956
22,30400	21087
22,31467	21208
22,32533	21308
22,33600	21458
22,34667	21586
22,35733	21753
22,36800	21805
22,37867	21934
22,38933	22058
22,40000	22095
22,41067	22206
22,42133	22235
22,43200	22336
22,44267	22373
22,45333	22395
22,46400	22388
22,47467	22433
22,48533	22442
22,49600	22480
22,50667	22470
22,51733	22467
22,52800	22493
22,53867	22480
22,54933	22484
22,56000	22520
22,57067	22491
22,58133	22519
22,59200	22488
22,60267	22483
22,61333	22503
22,62400	22540
22,63467	22531
22,64533	22560
22,65600	22612
22,66667	22589
22,67733	22601
22,68800	22629
22,69867	22634
22,70933	22637
22,72000	22678
22,73067	22703
22,74133	22717
22,75200	22785
22,76267	22794
22,77333	22837
22,78400	22873
22,79467	22919
22,80533	22929
22,81600	22961
22,82667	22992
22,83733	23021
22,84800	23065
22,85867	23108
22,86933	23134
22,88000	23183
22,89067	23209
22,90133	23243
22,91200	23263
22,92267	23299
22,93333	23383
22,94400	23441
22,95467	23462
22,96533	23512
22,97600	23554
22,98667	23604
22,99733	23660
23,00800	23678
23,01867	23705
23,02933	23746
23,04000	23793
23,05067	23869
23,06133	23900
23,07200	23960
23,08267	24025
23,09333	24032
23,10400	24072
23,11467	24119
23,12533	24179
23,13600	24245
23,14667	24308
23,15733	24340
23,16800	24395
23,17867	24429
23,18933	24483
23,20000	24473
23,21067	24517
23,22133	24615
23,23200	24652
23,24267	24704
23,25333	24779
23,26400	24801
23,27467	24837
23,28533	24915
23,29600	24967
23,30667	24997
23,31733	25049
23,32800	25098
23,33867	25146
23,34933	25213
23,36000	25299
23,37067	25373
23,38133	25392
23,39200	25505
23,40267	25524
23,41333	25571
23,42400	25597
23,43467	25663
23,44533	25727
23,45600	25785
23,46667	25827
23,47733	25886
23,48800	25946
23,49867	25955
23,50933	26018
23,52000	26047
23,53067	26107
23,54133	26186
23,55200	26272
23,56267	26280
23,57333	26322
23,58400	26340
23,59467	26357
23,60533	26400
23,61600	26413
23,62667	26434
23,63733	26490
23,64800	26532
23,65867	26554
23,66933	26594
23,68000	26610
23,69067	26621
23,70133	26661
23,71200	26682
23,72267	26709
23,73333	26714
23,74400	26733
23,75467	26749
23,76533	26769
23,77600	26756
23,78667	26814
23,79733	26845
23,80800	26889
23,81867	26889
23,82933	26912
23,84000	26894
23,85067	26935
23,86133	26899
23,87200	26950
23,88267	26967
23,89333	26986
23,90400	27026
23,91467	27006
23,92533	27064
23,93600	27105
23,94667	27099
23,95733	27127
23,96800	27140
23,97867	27161
23,98933	27191
24,00000	27238
24,01067	27272
24,02133	27308
24,03200	27315
24,04267	27343
24,05333	27409
24,06400	27506
24,07467	27561
24,08533	27666
24,09600	27761
24,10667	27846
24,11733	27954
24,12800	28092
24,13867	28228
24,14933	28418
24,16000	28557
24,17067	28746
24,18133	29005
24,19200	29192
24,20267	29425
24,21333	29700
24,22400	29950
24,23467	30249
24,24533	30457
24,25600	30672
24,26667	30930
24,27733	31101
24,28800	31277
24,29867	31386
24,30933	31489
24,32000	31617
24,33067	31692
24,34133	31806
24,35200	31897
24,36267	31970
24,37333	32054
24,38400	32095
24,39467	32179
24,40533	32286
24,41600	32340
24,42667	32423
24,43733	32490
24,44800	32609
24,45867	32704
24,46933	32744
24,48000	32836
24,49067	32919
24,50133	33006
24,51200	33119
24,52267	33213
24,53333	33309
24,54400	33418
24,55467	33521
24,56533	33587
24,57600	33689
24,58667	33792
24,59733	33876
24,60800	33981
24,61867	34098
24,62933	34176
24,64000	34287
24,65067	34338
24,66133	34406
24,67200	34465
24,68267	34521
24,69333	34512
24,70400	34604
24,71467	34653
24,72533	34687
24,73600	34748
24,74667	34766
24,75733	34854
24,76800	34882
24,77867	34945
24,78933	34964
24,80000	34993
24,81067	35020
24,82133	35063
24,83200	35082
24,84267	35104
24,85333	35164
24,86400	35177
24,87467	35199
24,88533	35212
24,89600	35252
24,90667	35279
24,91733	35337
24,92800	35361
24,93867	35425
24,94933	35408
24,96000	35455
24,97067	35491
24,98133	35539
24,99200	35530
25,00267	35552
25,01333	35559
25,02400	35548
25,03467	35573
25,04533	35610
25,05600	35623
25,06667	35567
25,07733	35618
25,08800	35631
25,09867	35586
25,10933	35588
25,12000	35581
25,13067	35563
25,14133	35544
25,15200	35518
25,16267	35529
25,17333	35547
25,18400	35496
25,19467	35541
25,20533	35544
25,21600	35534
25,22667	35532
25,23733	35553
25,24800	35533
25,25867	35551
25,26933	35547
25,28000	35560
25,29067	35604
25,30133	35627
25,31200	35608
25,32267	35661
25,33333	35645
25,34400	35681
25,35467	35698
25,36533	35664
25,37600	35691
25,38667	35688
25,39733	35735
25,40800	35732
25,41867	35729
25,42933	35720
25,44000	35727
25,45067	35697
25,46133	35698
25,47200	35676
25,48267	35694
25,49333	35660
25,50400	35650
25,51467	35649
25,52533	35623
25,53600	35627
25,54667	35600
25,55733	35614
25,56800	35578
25,57867	35593
25,58933	35581
25,60000	35555
25,61067	35601
25,62133	35599
25,63200	35596
25,64267	35629
25,65333	35615
25,66400	35621
25,67467	35628
25,68533	35669
25,69600	35680
25,70667	35714
25,71733	35717
25,72800	35680
25,73867	35707
25,74933	35718
25,76000	35732
25,77067	35784
25,78133	35763
25,79200	35763
25,80267	35791
25,81333	35750
25,82400	35745
25,83467	35748
25,84533	35721
25,85600	35724
25,86667	35717
25,87733	35734
25,88800	35674
25,89867	35717
25,90933	35698
25,92000	35687
25,93067	35679
25,94133	35654
25,95200	35591
25,96267	35591
25,97333	35632
25,98400	35621
25,99467	35545
26,00533	35556
26,01600	35555
26,02667	35569
26,03733	35579
26,04800	35616
26,05867	35620
26,06933	35592
26,08000	35590
26,09067	35585
26,10133	35621
26,11200	35625
26,12267	35627
26,13333	35655
26,14400	35647
26,15467	35708
26,16533	35723
26,17600	35714
26,18667	35673
26,19733	35670
26,20800	35693
26,21867	35691
26,22933	35689
26,24000	35683
26,25067	35687
26,26133	35651
26,27200	35643
26,28267	35653
26,29333	35596
26,30400	35604
26,31467	35571
26,32533	35522
26,33600	35530
26,34667	35516
26,35733	35526
26,36800	35533
26,37867	35494
26,38933	35519
26,40000	35536
26,41067	35527
26,42133	35526
26,43200	35544
26,44267	35548
26,45333	35567
26,46400	35568
26,47467	35593
26,48533	35571
26,49600	35573
26,50667	35638
26,51733	35654
26,52800	35686
26,53867	35696
26,54933	35699
26,56000	35702
26,57067	35716
26,58133	35738
26,59200	35693
26,60267	35717
26,61333	35746
26,62400	35728
26,63467	35714
26,64533	35683
26,65600	35664
26,66667	35672
26,67733	35683
26,68800	35688
26,69867	35649
26,70933	35651
26,72000	35643
26,73067	35595
26,74133	35605
26,75200	35583
26,76267	35595
26,77333	35563
26,78400	35571
26,79467	35616
26,80533	35602
26,81600	35584
26,82667	35550
26,83733	35564
26,84800	35612
26,85867	35621
26,86933	35633
26,88000	35666
26,89067	35634
26,90133	35652
26,91200	35659
26,92267	35652
26,93333	35678
26,94400	35658
26,95467	35668
26,96533	35659
26,97600	35673
26,98667	35696
26,99733	35717
27,00800	35707
27,01867	35696
27,02933	35707
27,04000	35683
27,05067	35656
27,06133	35628
27,07200	35607
27,08267	35625
27,09333	35614
27,10400	35609
27,11467	35596
27,12533	35603
27,13600	35597
27,14667	35578
27,15733	35546
27,16800	35582
27,17867	35546
27,18933	35554
27,20000	35522
27,21067	35564
27,22133	35561
27,23200	35618
27,24267	35602
27,25333	35612
27,26400	35644
27,27467	35631
27,28533	35646
27,29600	35671
27,30667	35710
27,31733	35692
27,32800	35740
27,33867	35733
27,34933	35751
27,36000	35733
27,37067	35739
27,38133	35723
27,39200	35720
27,40267	35702
27,41333	35734
27,42400	35732
27,43467	35688
27,44533	35689
27,45600	35682
27,46667	35686
27,47733	35681
27,48800	35672
27,49867	35683
27,50933	35684
27,52000	35679
27,53067	35658
27,54133	35653
27,55200	35668
27,56267	35682
27,57333	35674
27,58400	35704
27,59467	35682
27,60533	35698
27,61600	35719
27,62667	35741
27,63733	35746
27,64800	35770
27,65867	35785
27,66933	35794
27,68000	35790
27,69067	35842
27,70133	35834
27,71200	35867
27,72267	35852
27,73333	35831
27,74400	35857
27,75467	35864
27,76533	35892
27,77600	35874
27,78667	35865
27,79733	35856
27,80800	35841
27,81867	35846
27,82933	35844
27,84000	35792
27,85067	35809
27,86133	35774
27,87200	35770
27,88267	35764
27,89333	35740
27,90400	35759
27,91467	35717
27,92533	35728
27,93600	35708
27,94667	35707
27,95733	35712
27,96800	35701
27,97867	35695
27,98933	35691
28,00000	35677
28,01067	35715
28,02133	35683
28,03200	35702
28,04267	35747
28,05333	35727
28,06400	35755
28,07467	35803
28,08533	35810
28,09600	35797
28,10667	35831
28,11733	35848
28,12800	35836
28,13867	35823
28,14933	35794
28,16000	35807
28,17067	35804
28,18133	35816
28,19200	35812
28,20267	35809
28,21333	35771
28,22400	35748
28,23467	35762
28,24533	35747
28,25600	35736
28,26667	35754
28,27733	35729
28,28800	35742
28,29867	35681
28,30933	35718
28,32000	35714
28,33067	35715
28,34133	35710
28,35200	35724
28,36267	35709
28,37333	35686
28,38400	35722
28,39467	35713
28,40533	35713
28,41600	35724
28,42667	35773
28,43733	35748
28,44800	35765
28,45867	35789
28,46933	35822
28,48000	35792
28,49067	35794
28,50133	35792
28,51200	35820
28,52267	35858
28,53333	35841
28,54400	35860
28,55467	35886
28,56533	35861
28,57600	35887
28,58667	35871
28,59733	35843
28,60800	35825
28,61867	35825
28,62933	35866
28,64000	35842
28,65067	35768
28,66133	35786
28,67200	35758
28,68267	35769
28,69333	35768
28,70400	35762
28,71467	35745
28,72533	35741
28,73600	35762
28,74667	35760
28,75733	35724
28,76800	35741
28,77867	35741
28,78933	35750
28,80000	35753
28,81067	35774
28,82133	35791
28,83200	35803
28,84267	35808
28,85333	35799
28,86400	35825
28,87467	35858
28,88533	35879
28,89600	35893
28,90667	35889
28,91733	35917
28,92800	35955
28,93867	35987
28,94933	36001
28,96000	36020
28,97067	36028
28,98133	36098
28,99200	36104
29,00267	36159
29,01333	36268
29,02400	36281
29,03467	36352
29,04533	36444
29,05600	36545
29,06667	36678
29,07733	36758
29,08800	36920
29,09867	37080
29,10933	37250
29,12000	37500
29,13067	37698
29,14133	37956
29,15200	38223
29,16267	38534
29,17333	38882
29,18400	39281
29,19467	39665
29,20533	40109
29,21600	40586
29,22667	41082
29,23733	41640
29,24800	42205
29,25867	42829
29,26933	43502
29,28000	44196
29,29067	44895
29,30133	45609
29,31200	46401
29,32267	47132
29,33333	47992
29,34400	48803
29,35467	49600
29,36533	50416
29,37600	51186
29,38667	51951
29,39733	52737
29,40800	53479
29,41867	54175
29,42933	54834
29,44000	55487
29,45067	56045
29,46133	56620
29,47200	57122
29,48267	57616
29,49333	58050
29,50400	58396
29,51467	58712
29,52533	58987
29,53600	59226
29,54667	59358
29,55733	59469
29,56800	59555
29,57867	59523
29,58933	59463
29,60000	59318
29,61067	59131
29,62133	58855
29,63200	58535
29,64267	58146
29,65333	57698
29,66400	57148
29,67467	56614
29,68533	55913
29,69600	55203
29,70667	54451
29,71733	53623
29,72800	52776
29,73867	51840
29,74933	50840
29,76000	49796
29,77067	48721
29,78133	47650
29,79200	46511
29,80267	45329
29,81333	44139
29,82400	42899
29,83467	41656
29,84533	40396
29,85600	39087
29,86667	37763
29,87733	36431
29,88800	35092
29,89867	33760
29,90933	32453
29,92000	31070
29,93067	29711
29,94133	28300
29,95200	26949
29,96267	25574
29,97333	24209
29,98400	22841
29,99467	21494
30,00533	20134
30,01600	18828


